$ANSIBLE_VAULT;1.1;AES256
32376363623535383239373436376538623363396262393037313561326436343832303439366466
6631366237666361656638663337383734363366663935330a373632303537313466363462636639
62333363666131363432323030366533383263393239356138313166636438666338626232336165
3661393530306536650a326264316465343736643534336433643030656534373765393062303433
31316134373363393034346239663565343264303735616161663434386632363930353934613732
30326231626535313633633339636332636663373764383666616364363430346431326464663164
64623230666164336434383766656537333761323634326261366532306435336533323863386237
35376532313931326466303339313832396161653333663737386430303865346163393366323461
62353764333765323961636330373966613066366263646339306337643536653437333764376337
37353963643166613439303537643732366361393438376463636464396635376530353438396635
35373566383764346561363662326631346135646635343235616230303535393361376261306635
38393434356166313939356531393135636239623565333434643031616437353638396539326430
64626137643437343333396130613839663738316463313966666361353839633331613238303934
34393234373836613665643464376231363332343635306465613537323363643865666231663238
323966653066366164383161323631643461
